	word	sentiment	sentiment_average
0	fear	-43.0918	-0.426651485
1	crash	-17.624	-0.275375
2	accid	-11.132	-0.412296296
3	kill	-11.0443	-0.649664706
4	problem	-9.125	-0.536764706
5	die	-9.0417	-0.322917857
6	bad	-9.0277	-0.300923333
7	fall	-7.1174	-0.263607407
8	car	-6.9167	-0.223119355
9	danger	-6.8527	-0.360668421
10	hate	-6.6804	-0.44536
11	anxiou	-6.6755	-0.5135
12	panic	-6.5579	-0.504453846
13	air	-6.3667	-0.129932653
14	death	-6.175	-0.686111111
15	wrong	-6.0316	-0.430828571
16	scar	-5.9214	-0.39476
17	emerg	-5.6847	-0.56847
18	irrat	-5.2204	-0.401569231
19	caus	-5.093	-0.282944444
20	high	-5.0221	-0.279005556
21	afraid	-4.5272	-0.161685714
22	terrifi	-4.093	-0.454777778
23	stop	-4.0244	-0.335366667
24	bodi	-3.9303	-0.327525
25	terribl	-3.8439	-0.549128571
26	aw	-3.7683	-0.75366
27	worri	-3.7659	-0.313825
28	risk	-3.5886	-0.398733333
29	injur	-3.501	-0.87525
30	land	-3.4441	-0.074871739
31	unlik	-3.4412	-0.573533333
32	stress	-3.4269	-0.380766667
33	metal	-3.415	-0.569166667
34	especi	-3.3996	-0.42495
35	new	-3.2701	-0.148640909
36	height	-3.2213	-0.292845455
37	lose	-3.1194	-0.31194
38	control	-3.0793	-0.096228125
39	commerci	-3.033	-0.1685
40	far	-2.9742	-0.29742
41	life	-2.9471	-0.196473333
42	fire	-2.9293	-0.732325
43	circumst	-2.9126	-0.72815
44	error	-2.912	-0.485333333
45	anxieti	-2.8121	-0.140605
46	like	-2.7136	-0.090453333
47	hurt	-2.6879	-0.53758
48	point	-2.6529	-0.241172727
49	drive	-2.615	-0.113695652
50	fail	-2.5961	-0.216341667
51	nervou	-2.5752	-0.183942857
52	serious	-2.571	-0.5142
53	remind	-2.5497	-0.50994
54	foot	-2.5474	-0.181957143
55	fatal	-2.5438	-0.50876
56	involv	-2.5106	-0.358657143
57	accident	-2.498	-0.832666667
58	hell	-2.4966	-0.49932
59	part	-2.4923	-0.138461111
60	horribl	-2.4733	-0.353328571
61	attack	-2.4601	-0.820033333
62	sever	-2.4386	-0.406433333
63	phobia	-2.4303	-0.40505
64	main	-2.4213	-0.48426
65	injuri	-2.3935	-0.398916667
66	explod	-2.3588	-0.786266667
67	frighten	-2.3588	-0.47176
68	total	-2.3162	-0.193016667
69	sick	-2.2988	-0.5747
70	fact	-2.2985	-0.135205882
71	kind	-2.2807	-0.175438462
72	face	-2.2504	-0.375066667
73	trap	-2.2477	-0.374616667
74	cry	-2.1818	-0.727266667
75	catastroph	-2.1625	-0.720833333
76	move	-2.1504	-0.21504
77	insan	-2.1247	-0.531175
78	hit	-2.1061	-0.526525
79	disast	-2.098	-0.699333333
80	respons	-2.0731	-0.2591375
81	overcom	-2.0517	-0.2564625
82	instead	-1.9357	-0.276528571
83	often	-1.934	-0.276285714
84	test	-1.9338	-0.113752941
85	compar	-1.932	-0.644
86	power	-1.8921	-0.145546154
87	scari	-1.8815	-0.268785714
88	histori	-1.8744	-0.37488
89	us	-1.8624	-0.06208
90	ground	-1.855	-0.231875
91	forc	-1.8522	-0.2058
92	drop	-1.8337	-0.305616667
93	frequent	-1.8155	-0.453875
94	second	-1.809	-0.201
95	failur	-1.7959	-0.299316667
96	medic	-1.7877	-0.29795
97	complet	-1.7866	-0.094031579
98	difficult	-1.7796	-0.5932
99	mostli	-1.7662	-0.588733333
100	surviv	-1.7386	-0.158054545
101	suggest	-1.7274	-0.2879
102	read	-1.7243	-0.156754545
103	mode	-1.718	-0.3436
104	thousand	-1.7088	-0.17088
105	rush	-1.7048	-0.243542857
106	obvious	-1.6972	-0.565733333
107	tube	-1.694	-0.242
108	feel	-1.6878	-0.129830769
109	freak	-1.6645	-0.277416667
110	gener	-1.6619	-0.16619
111	watch	-1.5977	-0.106513333
112	ball	-1.5824	-0.7912
113	fuel	-1.5822	-0.39555
114	vehicl	-1.5805	-0.79025
115	kid	-1.5729	-0.31458
116	simpli	-1.5671	-0.391775
117	begin	-1.5591	-0.389775
118	ration	-1.5511	-0.387775
119	blame	-1.5498	-0.7749
120	crappi	-1.5494	-0.7747
121	oncom	-1.5443	-0.77215
122	lead	-1.5368	-0.512266667
123	slip	-1.5151	-0.75755
124	slug	-1.5151	-0.75755
125	edg	-1.5146	-0.504866667
126	stomach	-1.5103	-0.377575
127	miser	-1.4957	-0.74785
128	scare	-1.4901	-0.29802
129	im	-1.4681	-0.367025
130	reason	-1.4583	-0.132572727
131	brain	-1.4477	-0.241283333
132	board	-1.4448	-0.1806
133	mess	-1.418	-0.472666667
134	hundr	-1.4119	-0.470633333
135	mainten	-1.4118	-0.09412
136	intensifi	-1.406	-0.703
137	real	-1.4052	-0.4684
138	abus	-1.4014	-0.7007
139	abduct	-1.3782	-0.6891
140	alien	-1.3782	-0.6891
141	exist	-1.3753	-0.343825
142	data	-1.3722	-0.34305
143	shake	-1.3673	-0.195328571
144	unpleas	-1.3577	-0.67885
145	tear	-1.3525	-0.338125
146	normal	-1.3447	-0.112058333
147	pull	-1.3257	-0.331425
148	probabl	-1.322	-0.661
149	depend	-1.3212	-0.3303
150	husband	-1.321	-0.2642
151	takeawai	-1.3172	-0.6586
152	develop	-1.3055	-0.2611
153	warn	-1.2984	-0.6492
154	feed	-1.2984	-0.4328
155	fault	-1.2951	-0.4317
156	sens	-1.2809	-0.320225
157	drunk	-1.2716	-0.423866667
158	close	-1.2692	-0.115381818
159	accept	-1.263	-0.6315
160	scenario	-1.261	-0.31525
161	long	-1.2581	-0.07863125
162	bump	-1.2484	-0.416133333
163	common	-1.2483	-0.178328571
164	suddenli	-1.2459	-0.311475
165	avoid	-1.243	-0.414333333
166	stat	-1.2412	-0.3103
167	wreck	-1.2395	-0.61975
168	structur	-1.2337	-0.61685
169	stori	-1.2304	-0.24608
170	combin	-1.2208	-0.406933333
171	dispel	-1.2079	-0.60395
172	hypersensit	-1.1983	-0.59915
173	assum	-1.1939	-0.298475
174	disappear	-1.1906	-0.5953
175	ignor	-1.1828	-0.394266667
176	lack	-1.1804	-0.393466667
177	chang	-1.1802	-0.147525
178	faulti	-1.1698	-0.5849
179	gear	-1.158	-0.165428571
180	realiz	-1.1549	-0.128322222
181	fight	-1.1534	-0.164771429
182	exhaust	-1.147	-0.5735
183	opinion	-1.1454	-0.5727
184	runwai	-1.1214	-0.28035
185	situat	-1.1185	-0.11185
186	concentr	-1.1123	-0.55615
187	sensat	-1.105	-0.5525
188	recov	-1.0957	-0.54785
189	thought	-1.0943	-0.091191667
190	firebal	-1.0927	-0.54635
191	break	-1.0865	-0.120722222
192	stair	-1.0822	-0.5411
193	target	-1.0805	-0.54025
194	mental	-1.0775	-0.269375
195	distract	-1.0757	-0.153671429
196	bore	-1.0722	-0.26805
197	turn	-1.0714	-0.082415385
198	tini	-1.0692	-0.5346
199	rid	-1.0521	-0.17535
200	intens	-1.036	-0.2072
201	mom	-1.035	-0.5175
202	appar	-1.033	-0.344333333
203	weight	-1.0293	-0.51465
204	tend	-1.0176	-0.5088
205	indic	-1.0143	-0.50715
206	mistak	-1.0085	-0.168083333
207	chain	-1.0049	-0.50245
208	type	-0.9887	-0.329566667
209	progress	-0.9728	-0.4864
210	larg	-0.9694	-0.138485714
211	quickli	-0.9584	-0.4792
212	sound	-0.9577	-0.159616667
213	movi	-0.9576	-0.1064
214	person	-0.9566	-0.068328571
215	brake	-0.9541	-0.318033333
216	storm	-0.9504	-0.3168
217	scream	-0.9393	-0.234825
218	rate	-0.9209	-0.46045
219	physic	-0.9175	-0.1835
220	fourth	-0.9171	-0.45855
221	hyster	-0.9145	-0.45725
222	strategi	-0.9094	-0.151566667
223	similar	-0.909	-0.1818
224	name	-0.9082	-0.4541
225	wait	-0.9005	-0.225125
226	ear	-0.8978	-0.22445
227	traffic	-0.8977	-0.224425
228	fellow	-0.8958	-0.4479
229	cover	-0.8958	-0.2986
230	burn	-0.8938	-0.297933333
231	street	-0.8908	-0.296933333
232	climb	-0.8872	-0.4436
233	separ	-0.886	-0.443
234	heavi	-0.8814	-0.2938
235	bone	-0.8812	-0.4406
236	weather	-0.8757	-0.2919
237	natur	-0.875	-0.125
238	glider	-0.8749	-0.43745
239	undergo	-0.8722	-0.290733333
240	sky	-0.8667	-0.0963
241	past	-0.8655	-0.123642857
242	ocean	-0.8653	-0.216325
243	happen	-0.8565	-0.42825
244	throat	-0.8515	-0.42575
245	result	-0.8501	-0.17002
246	sorri	-0.8408	-0.4204
247	minor	-0.8294	-0.16588
248	factor	-0.8258	-0.16516
249	blood	-0.8225	-0.41125
250	cycl	-0.8201	-0.41005
251	exampl	-0.8199	-0.117128571
252	behavior	-0.8191	-0.40955
253	right	-0.8163	-0.074209091
254	realiti	-0.8105	-0.202625
255	short	-0.8096	-0.134933333
256	sweat	-0.8074	-0.4037
257	taxi	-0.8055	-0.40275
258	human	-0.8041	-0.114871429
259	counsel	-0.8028	-0.4014
260	appalachian	-0.802	-0.401
261	xanax	-0.7925	-0.066041667
262	loung	-0.7922	-0.3961
263	departur	-0.7922	-0.3961
264	neg	-0.7913	-0.39565
265	leg	-0.7906	-0.263533333
266	reach	-0.7906	-0.3953
267	ride	-0.7879	-0.15758
268	silli	-0.7868	-0.3934
269	base	-0.7866	-0.2622
270	act	-0.7791	-0.2597
271	worth	-0.7783	-0.259433333
272	object	-0.7681	-0.192025
273	phase	-0.7673	-0.255766667
274	crush	-0.7561	-0.37805
275	unabl	-0.7558	-0.251933333
276	relat	-0.7552	-0.3776
277	attent	-0.7514	-0.18785
278	ic	-0.7501	-0.250033333
279	confid	-0.7459	-0.37295
280	forget	-0.7393	-0.246433333
281	damag	-0.7389	-0.2463
282	design	-0.7307	-0.07307
283	middl	-0.7269	-0.2423
284	carri	-0.7216	-0.240533333
285	evolv	-0.7198	-0.3599
286	scrap	-0.7184	-0.3592
287	commun	-0.7142	-0.3571
288	awar	-0.7122	-0.14244
289	averag	-0.71	-0.1775
290	truck	-0.7096	-0.3548
291	paperwork	-0.7096	-0.3548
292	sell	-0.7096	-0.3548
293	adult	-0.7089	-0.35445
294	vulner	-0.7079	-0.35395
295	knowledg	-0.7054	-0.14108
296	multipl	-0.7003	-0.35015
297	end	-0.6929	-0.076988889
298	claustrophob	-0.6908	-0.3454
299	numer	-0.6905	-0.34525
300	allow	-0.6903	-0.172575
301	self	-0.6897	-0.34485
302	notic	-0.688	-0.114666667
303	bathroom	-0.6869	-0.34345
304	cabin	-0.6859	-0.228633333
305	at	-0.683	-0.227666667
306	extra	-0.6808	-0.3404
307	rigor	-0.6807	-0.34035
308	occurr	-0.6793	-0.33965
309	reaction	-0.6789	-0.169725
310	entir	-0.672	-0.061090909
311	turbul	-0.6681	-0.011323729
312	enclos	-0.6617	-0.33085
313	recent	-0.6612	-0.13224
314	med	-0.6604	-0.220133333
315	light	-0.6542	-0.081775
316	strip	-0.6486	-0.3243
317	dad	-0.645	-0.215
318	navi	-0.637	-0.212333333
319	video	-0.6369	-0.159225
320	flaw	-0.6367	-0.31835
321	overact	-0.6361	-0.31805
322	road	-0.6249	-0.31245
323	bare	-0.6249	-0.31245
324	apprehens	-0.6168	-0.3084
325	deep	-0.6154	-0.3077
326	constantli	-0.6142	-0.3071
327	front	-0.6116	-0.067955556
328	bed	-0.6115	-0.30575
329	billion	-0.6039	-0.30195
330	consciou	-0.601	-0.3005
331	answer	-0.6007	-0.150175
332	movement	-0.5859	-0.29295
333	descend	-0.5822	-0.194066667
334	last	-0.5721	-0.03814
335	exercis	-0.571	-0.095166667
336	that	-0.5694	-0.2847
337	necessarili	-0.5619	-0.1873
338	immedi	-0.5601	-0.28005
339	uncomfort	-0.5597	-0.27985
340	bolt	-0.5574	-0.5574
341	typic	-0.5569	-0.079557143
342	hopefulli	-0.5565	-0.27825
343	row	-0.5561	-0.139025
344	weird	-0.5555	-0.1111
345	nerv	-0.5554	-0.185133333
346	engin	-0.5486	-0.014066667
347	root	-0.5455	-0.181833333
348	race	-0.5442	-0.2721
349	sign	-0.5423	-0.180766667
350	late	-0.5363	-0.178766667
351	around	-0.5292	-0.06615
352	former	-0.5267	-0.26335
353	manag	-0.5239	-0.087316667
354	leav	-0.5238	-0.047618182
355	expect	-0.5148	-0.2574
356	dozen	-0.5106	-0.2553
357	swing	-0.5106	-0.2553
358	tilt	-0.5106	-0.2553
359	center	-0.5106	-0.2553
360	pictur	-0.5086	-0.10172
361	memori	-0.5046	-0.1682
362	identifi	-0.5033	-0.25165
363	bathtub	-0.4966	-0.2483
364	eventu	-0.4939	-0.24695
365	insid	-0.4885	-0.24425
366	solo	-0.4868	-0.2434
367	mile	-0.4848	-0.069257143
368	singl	-0.4834	-0.09668
369	tonn	-0.4767	-0.4767
370	slight	-0.4767	-0.1589
371	contribut	-0.4767	-0.23835
372	challeng	-0.4719	-0.23595
373	instanc	-0.4703	-0.117575
374	react	-0.4661	-0.23305
375	wherev	-0.4588	-0.2294
376	nervous	-0.4491	-0.22455
377	basic	-0.4449	-0.040445455
378	uncl	-0.4428	-0.2214
379	fairli	-0.4387	-0.21935
380	measur	-0.4363	-0.08726
381	tire	-0.4361	-0.145366667
382	american	-0.4348	-0.2174
383	respond	-0.4337	-0.108425
384	crazi	-0.4281	-0.1427
385	learn	-0.4279	-0.02037619
386	rare	-0.4241	-0.035341667
387	consist	-0.4206	-0.2103
388	moment	-0.4181	-0.0522625
389	captain	-0.4181	-0.059728571
390	belief	-0.4173	-0.20865
391	saw	-0.4157	-0.138566667
392	piec	-0.4049	-0.134966667
393	space	-0.4033	-0.08066
394	anticip	-0.4019	-0.20095
395	throw	-0.4019	-0.133966667
396	present	-0.4019	-0.20095
397	recurr	-0.4019	-0.20095
398	aerophob	-0.4019	-0.20095
399	broken	-0.3995	-0.19975
400	unnatur	-0.3912	-0.1956
401	educ	-0.3912	-0.1304
402	push	-0.3843	-0.19215
403	differ	-0.3821	-0.03821
404	your	-0.3818	-0.1909
405	yet	-0.3706	-0.03706
406	coupl	-0.3682	-0.03682
407	ag	-0.3681	-0.1227
408	redesign	-0.3612	-0.3612
409	strike	-0.3502	-0.08755
410	affect	-0.3475	-0.057916667
411	lion	-0.3435	-0.17175
412	reliabl	-0.3426	-0.06852
413	perspect	-0.34	-0.17
414	line	-0.34	-0.056666667
415	studi	-0.3384	-0.1692
416	cloud	-0.3384	-0.1692
417	million	-0.3335	-0.16675
418	precis	-0.3327	-0.1109
419	examin	-0.3286	-0.1643
420	tv	-0.3264	-0.1632
421	accord	-0.3238	-0.107933333
422	nois	-0.3232	-0.0808
423	maximum	-0.3197	-0.079925
424	atlant	-0.3182	-0.1591
425	occur	-0.318	-0.0636
426	hear	-0.3149	-0.034988889
427	licens	-0.3129	-0.078225
428	doorstep	-0.3116	-0.1558
429	troubl	-0.3057	-0.15285
430	rudder	-0.3057	-0.15285
431	cope	-0.296	-0.148
432	russia	-0.296	-0.148
433	direct	-0.2924	-0.097466667
434	current	-0.2917	-0.14585
435	energi	-0.2842	-0.1421
436	arm	-0.2789	-0.13945
437	excess	-0.2781	-0.0927
438	wast	-0.2732	-0.1366
439	morn	-0.2732	-0.1366
440	mindset	-0.2732	-0.091066667
441	regul	-0.2584	-0.028711111
442	driver	-0.251	-0.035857143
443	coast	-0.25	-0.125
444	address	-0.2489	-0.082966667
445	appli	-0.2488	-0.0622
446	autopilot	-0.2415	-0.04025
447	roar	-0.2297	-0.11485
448	mention	-0.2291	-0.032728571
449	replac	-0.2277	-0.0284625
450	lorazepam	-0.222	-0.111
451	old	-0.217	-0.027125
452	foreign	-0.2157	-0.10785
453	rule	-0.215	-0.071666667
454	everywher	-0.2142	-0.0306
455	amount	-0.2099	-0.0262375
456	woman	-0.2041	-0.10205
457	tight	-0.1996	-0.066533333
458	fly	-0.197	-0.024625
459	area	-0.1926	-0.0321
460	kei	-0.1872	-0.0468
461	mask	-0.1856	-0.061866667
462	claustrophobia	-0.1845	-0.0615
463	grab	-0.184	-0.061333333
464	final	-0.1834	-0.0262
465	notabl	-0.183	-0.0915
466	full	-0.182	-0.0455
467	inflight	-0.1818	-0.0606
468	father	-0.1779	-0.08895
469	earth	-0.1749	-0.02915
470	cours	-0.1704	-0.018933333
471	state	-0.1688	-0.03376
472	boyfriend	-0.1643	-0.041075
473	process	-0.1545	-0.07725
474	shot	-0.143	-0.0715
475	canada	-0.138	-0.069
476	solv	-0.1375	-0.06875
477	comput	-0.1359	-0.0453
478	random	-0.1327	-0.06635
479	yeah	-0.1255	-0.06275
480	bui	-0.1228	-0.0307
481	airspe	-0.1215	-0.0405
482	teach	-0.1215	-0.030375
483	rather	-0.1163	-0.019383333
484	till	-0.1116	-0.0558
485	alreadi	-0.1103	-0.015757143
486	food	-0.1078	-0.0539
487	wear	-0.1035	-0.0345
488	bend	-0.1027	-0.1027
489	pai	-0.1027	-0.05135
490	fianc	-0.1027	-0.05135
491	individu	-0.101	-0.033666667
492	order	-0.0993	-0.0331
493	electron	-0.0772	-0.0386
494	devic	-0.0772	-0.0386
495	adjust	-0.0772	-0.0386
496	pick	-0.0736	-0.024533333
497	reduc	-0.0723	-0.0241
498	low	-0.0718	-0.007977778
499	continu	-0.0707	-0.0101
500	word	-0.0637	-0.021233333
501	occupi	-0.0614	-0.020466667
502	job	-0.0582	-0.0194
503	medicin	-0.0516	-0.0258
504	rollercoast	-0.0499	-0.012475
505	pressur	-0.049	-0.0245
506	program	-0.0461	-0.02305
507	appear	-0.0388	-0.0194
508	deal	-0.0378	-0.004725
509	small	-0.0315	-0.00225
510	cop	-0.0258	-0.0129
511	cut	-0.0258	-0.0129
512	exposur	-0.0234	-0.003342857
513	thirti	-0.0206	-0.0103
514	transport	-0.0163	-0.00326
515	other	-0.0092	-0.001533333
516	book	-0.0034	-0.000425
517	system	-0.003	-0.0001875
518	bear	0	0
519	ferri	0	0
520	halfwit	0	0
521	cross	0	0
522	etern	0	0
523	includ	0	0
524	cheapli	0	0
525	sea	0	0
526	africa	0	0
527	publish	0	0
528	carrier	0	0
529	environ	0	0
530	left	0	0
531	focu	0	0
532	channel	0	0
533	duti	0	0
534	parent	0	0
535	senior	0	0
536	indol	0	0
537	regularli	0	0
538	window	0	0
539	overhaul	0	0
540	thrust	0	0
541	ship	0	0
542	experienc	0	0
543	son	0	0
544	switch	0	0
545	incid	0.011	0.001571429
546	mitig	0.0114	0.0057
547	free	0.0156	0.0039
548	ethiopian	0.0177	0.0059
549	abil	0.0179	0.00895
550	term	0.0194	0.006466667
551	wake	0.0231	0.00462
552	odd	0.0236	0.0059
553	choos	0.0258	0.0129
554	phone	0.0258	0.0086
555	loos	0.0307	0.01535
556	withstand	0.0442	0.014733333
557	depriv	0.055	0.0275
558	level	0.0566	0.008085714
559	stick	0.0601	0.020033333
560	come	0.0639	0.003363158
561	loud	0.0644	0.0161
562	addit	0.0644	0.0322
563	oxygen	0.0644	0.0322
564	cold	0.0674	0.009628571
565	alon	0.0682	0.0341
566	bother	0.0693	0.0099
567	rarer	0.0772	0.0772
568	militari	0.0831	0.04155
569	lift	0.0851	0.028366667
570	travel	0.087	0.0174
571	abl	0.0993	0.01655
572	successfulli	0.1027	0.05135
573	take-off	0.1123	0.02246
574	game	0.1143	0.01905
575	skill	0.1186	0.02965
576	shock	0.1191	0.05955
577	centr	0.1379	0.06895
578	instinct	0.1406	0.0703
579	soon	0.1472	0.0368
580	third	0.1531	0.07655
581	follow	0.157	0.052333333
582	trick	0.1575	0.07875
583	huge	0.1651	0.08255
584	extrem	0.1744	0.0872
585	cultur	0.1759	0.058633333
586	side	0.179	0.0895
587	hv	0.1853	0.09265
588	imag	0.1861	0.09305
589	backup	0.1897	0.0271
590	requir	0.1908	0.03816
591	foreman	0.1909	0.063633333
592	grit	0.1912	0.0956
593	hard	0.1933	0.017572727
594	prevent	0.196	0.098
595	nearli	0.199	0.066333333
596	crossword	0.2023	0.10115
597	black	0.2036	0.067866667
598	mani	0.2055	0.008934783
599	helicopt	0.2124	0.1062
600	event	0.2156	0.02156
601	concern	0.2157	0.04314
602	degre	0.2193	0.054825
603	emotion	0.2247	0.11235
604	rest	0.2251	0.056275
605	drastic	0.2263	0.11315
606	sort	0.2315	0.033071429
607	TRUE	0.2404	0.0601
608	therapist	0.2448	0.04896
609	seatbelt	0.2459	0.081966667
610	altitud	0.248	0.0248
611	aviat	0.2531	0.016873333
612	limit	0.2723	0.090766667
613	minimum	0.2732	0.1366
614	distanc	0.2732	0.1366
615	busi	0.2751	0.0393
616	honest	0.2763	0.13815
617	music	0.2806	0.040085714
618	practic	0.2901	0.072525
619	spectacular	0.2907	0.14535
620	atmospher	0.2916	0.1458
621	cruis	0.2938	0.026709091
622	wind	0.2964	0.0741
623	slim	0.3003	0.15015
624	recommend	0.305	0.1525
625	meet	0.3077	0.15385
626	idea	0.3098	0.051633333
627	otherwis	0.3148	0.1574
628	town	0.3164	0.105466667
629	listen	0.3169	0.052816667
630	lean	0.3182	0.106066667
631	report	0.3182	0.07955
632	destin	0.3267	0.06534
633	ey	0.3369	0.048128571
634	checklist	0.3382	0.056366667
635	either	0.3389	0.16945
636	liter	0.34	0.17
637	doctor	0.3479	0.0497
638	fast	0.3502	0.116733333
639	fix	0.3507	0.03507
640	step	0.3533	0.17665
641	aisl	0.3629	0.120966667
642	roll	0.3651	0.1217
643	do	0.3671	0.061183333
644	less	0.374	0.031166667
645	convers	0.3746	0.124866667
646	form	0.3802	0.126733333
647	techniqu	0.3819	0.19095
648	stuff	0.3843	0.0549
649	wife	0.3911	0.097775
650	unknown	0.3914	0.1957
651	strength	0.3981	0.19905
652	prepar	0.4019	0.133966667
653	load	0.4086	0.1362
654	divan	0.4171	0.08342
655	avail	0.4215	0.1405
656	tip	0.4265	0.0853
657	return	0.4366	0.145533333
658	appropri	0.4383	0.109575
659	hire	0.4404	0.4404
660	safer	0.4406	0.146866667
661	repetit	0.4463	0.22315
662	intern	0.4463	0.111575
663	approv	0.4473	0.22365
664	explan	0.4483	0.22415
665	primit	0.4522	0.2261
666	thru	0.4522	0.150733333
667	somewher	0.4526	0.2263
668	handl	0.4538	0.11345
669	due	0.4614	0.065914286
670	option	0.4626	0.11565
671	updat	0.4641	0.1547
672	solac	0.4659	0.23295
673	breath	0.4755	0.067928571
674	interfer	0.4767	0.23835
675	jembl	0.4767	0.1589
676	subsystem	0.4767	0.23835
677	child	0.4935	0.1645
678	perform	0.4939	0.24695
679	discuss	0.4939	0.24695
680	map	0.4939	0.24695
681	sail	0.4939	0.24695
682	background	0.4939	0.24695
683	drug	0.4977	0.09954
684	cockpit	0.503	0.12575
685	build	0.5039	0.10078
686	machin	0.5095	0.25475
687	describ	0.5098	0.2549
688	chanc	0.5181	0.022526087
689	attend	0.5294	0.035293333
690	stall	0.5307	0.044225
691	holidai	0.5364	0.2682
692	hijack	0.5413	0.27065
693	refram	0.5465	0.182166667
694	lotteri	0.5508	0.1836
695	young	0.5567	0.079528571
696	opposit	0.5621	0.187366667
697	increas	0.5659	0.141475
698	slowli	0.5719	0.28595
699	coutur	0.5719	0.28595
700	convinc	0.5798	0.2899
701	groggi	0.5801	0.193366667
702	yep	0.592	0.296
703	view	0.5958	0.1986
704	descent	0.5994	0.2997
705	activ	0.6006	0.2002
706	outsid	0.6029	0.30145
707	arriv	0.6106	0.203533333
708	pm	0.6114	0.3057
709	episod	0.6117	0.30585
710	valium	0.6124	0.3062
711	mainlin	0.6124	0.3062
712	equal	0.6142	0.3071
713	pad	0.6167	0.205566667
714	set	0.6184	0.1546
715	maintain	0.6213	0.155325
716	finger	0.63	0.63
717	muscl	0.63	0.63
718	thumb	0.63	0.63
719	index	0.63	0.63
720	effect	0.6342	0.2114
721	research	0.6364	0.1591
722	repeat	0.6373	0.212433333
723	shuttl	0.6395	0.31975
724	speed	0.6403	0.106716667
725	inspect	0.6478	0.080975
726	brilliant	0.6526	0.3263
727	familiar	0.6542	0.3271
728	investig	0.6567	0.13134
729	ensur	0.6581	0.164525
730	compani	0.6652	0.3326
731	offic	0.6696	0.3348
732	prescrib	0.675	0.135
733	wing	0.6803	0.056691667
734	comment	0.6808	0.3404
735	ahead	0.6846	0.2282
736	resist	0.6879	0.34395
737	angl	0.6897	0.172425
738	previou	0.6908	0.3454
739	home	0.6965	0.04975
740	readi	0.7023	0.35115
741	aluminum	0.7096	0.236533333
742	necessari	0.7178	0.3589
743	grow	0.7195	0.179875
744	decid	0.7269	0.2423
745	remain	0.74	0.37
746	procedur	0.7457	0.106528571
747	therapi	0.7461	0.12435
748	mechan	0.7482	0.18705
749	whole	0.7548	0.068618182
750	matter	0.7604	0.09505
751	pill	0.762	0.381
752	speak	0.7706	0.19265
753	critic	0.7708	0.1927
754	ever	0.7783	0.070754545
755	bo	0.7811	0.260366667
756	water	0.8001	0.16002
757	clearli	0.8016	0.2672
758	surround	0.8047	0.268233333
759	slow	0.8185	0.272833333
760	emot	0.82	0.117142857
761	care	0.8225	0.274166667
762	school	0.8227	0.41135
763	aspect	0.8234	0.274466667
764	call	0.8266	0.118085714
765	headphon	0.8378	0.4189
766	modern	0.843	0.281
767	percept	0.8449	0.42245
768	smooth	0.8512	0.283733333
769	boat	0.8551	0.285033333
770	encourag	0.8595	0.42975
771	potenti	0.8613	0.215325
772	class	0.8642	0.288066667
773	sleep	0.8676	0.10845
774	note	0.8678	0.4339
775	pass	0.8772	0.4386
776	suppos	0.8826	0.22065
777	redund	0.8857	0.126528571
778	airspac	0.8858	0.4429
779	explain	0.8869	0.1267
780	major	0.8894	0.148233333
781	ridicul	0.8901	0.2967
782	rationalis	0.8908	0.4454
783	easi	0.8937	0.44685
784	consid	0.899	0.149833333
785	session	0.8998	0.4499
786	glad	0.9039	0.45195
787	lifetim	0.9125	0.45625
788	head	0.9127	0.070207692
789	quit	0.9146	0.22865
790	citi	0.9154	0.22885
791	australia	0.9249	0.46245
792	advanc	0.94	0.47
793	comfort	0.9408	0.1568
794	asleep	0.9433	0.235825
795	period	0.949	0.4745
796	medit	0.9513	0.3171
797	give	0.9527	0.06805
798	oper	0.954	0.136285714
799	hold	0.9634	0.19268
800	unforgiv	0.9656	0.4828
801	least	0.9673	0.080608333
802	remedi	0.986	0.493
803	creat	0.9864	0.140914286
804	night	0.9871	0.246775
805	gain	0.9898	0.329933333
806	enough	0.9946	0.090418182
807	cheer	1.0022	0.5011
808	profession	1.0142	0.338066667
809	countri	1.0213	0.340433333
810	laugh	1.0353	0.51765
811	drink	1.0422	0.1737
812	surpris	1.0429	0.52145
813	analysi	1.0505	0.52525
814	lightn	1.0565	0.352166667
815	expens	1.0625	0.354166667
816	anytim	1.069	0.5345
817	capabl	1.0714	0.357133333
818	stand	1.0798	0.5399
819	talk	1.0811	0.077221429
820	next	1.0819	0.063641176
821	room	1.0825	0.54125
822	work	1.084	0.030971429
823	insight	1.0881	0.54405
824	earli	1.0933	0.54665
825	nice	1.108	0.369333333
826	condit	1.111	0.185166667
827	oxytocin	1.1282	0.5641
828	share	1.1354	0.28385
829	beauti	1.1392	0.5696
830	standard	1.1393	0.189883333
831	zero	1.1411	0.285275
832	method	1.1449	0.57245
833	plai	1.1547	0.3849
834	bu	1.1603	0.165757143
835	app	1.1698	0.5849
836	mean	1.1735	0.061763158
837	appreci	1.1742	0.5871
838	agre	1.1778	0.5889
839	style	1.1813	0.59065
840	strong	1.1925	0.298125
841	futur	1.2022	0.6011
842	add	1.2041	0.301025
843	flightawar	1.206	0.603
844	actual	1.208	0.04832
845	benadryl	1.2118	0.6059
846	highli	1.2337	0.308425
847	prai	1.2458	0.31145
848	door	1.2509	0.62545
849	win	1.2604	0.3151
850	electr	1.2673	0.63365
851	live	1.2674	0.115218182
852	think	1.2691	0.1813
853	fantast	1.308	0.654
854	case	1.3422	0.26844
855	first	1.3461	0.061186364
856	import	1.3617	0.1513
857	repli	1.3694	0.6847
858	statist	1.4001	0.05385
859	truli	1.4265	0.71325
860	certain	1.4308	0.476933333
861	question	1.4329	0.2047
862	experi	1.4595	0.066340909
863	awesom	1.4712	0.7356
864	compet	1.4717	0.73585
865	issu	1.4751	0.14751
866	secur	1.493	0.37325
867	sit	1.5003	0.088252941
868	compon	1.528	0.1528
869	detail	1.5294	0.2549
870	interest	1.5742	0.196775
871	download	1.577	0.262833333
872	stai	1.599	0.228428571
873	hand	1.6068	0.178533333
874	item	1.6154	0.8077
875	famili	1.6208	0.2026
876	excel	1.6386	0.8193
877	imagin	1.6508	0.16508
878	spend	1.7063	0.243757143
879	check	1.7111	0.155554545
880	strict	1.7222	0.287033333
881	walk	1.7246	0.246371429
882	eat	1.7367	0.434175
883	fun	1.7575	0.585833333
884	hope	1.7835	0.3567
885	need	1.7865	0.07146
886	pleas	1.7921	0.597366667
887	framework	1.8088	0.602933333
888	aeroplan	1.827	0.609
889	amaz	1.8721	0.624033333
890	rememb	1.921	0.128066667
891	bank	1.9268	0.214088889
892	seriou	1.9511	0.487775
893	adventur	1.9708	0.4927
894	morbid	2.0902	0.696733333
895	write	2.1753	0.43506
896	excit	2.2145	0.2768125
897	big	2.2407	0.117931579
898	region	2.2538	0.375633333
899	super	2.2847	0.571175
900	top	2.3084	0.769466667
901	run	2.3175	0.210681818
902	success	2.396	0.342285714
903	seat	2.4296	0.15185
904	eas	2.4812	0.49624
905	honestli	2.5054	0.417566667
906	posit	2.51	0.31375
907	record	2.6624	0.53248
908	reassur	2.7105	0.45175
909	train	2.8116	0.080331429
910	lot	2.8974	0.120725
911	bumpi	2.9243	0.417757143
912	place	3.0392	0.233784615
913	entertain	3.0434	0.76085
914	believ	3.1715	0.528583333
915	happi	3.2717	0.65434
916	perfectli	3.4356	0.68712
917	relax	3.4735	0.496214286
918	advic	3.6149	0.516414286
919	calm	3.8765	0.24228125
920	trust	3.9807	0.39807
921	start	4.0647	0.213931579
922	friend	4.1325	0.375681818
923	enjoi	4.1568	0.377890909
924	fine	4.2743	0.213715
925	time	4.5138	0.060184
926	mind	4.6542	0.186168
927	great	4.6686	0.38905
928	bring	4.8448	0.372676923
929	understand	4.8613	0.285958824
930	sure	5.4629	0.210111538
931	ok	5.7579	0.57579
932	world	5.9364	0.4947
933	also	6.1794	0.104735593
934	thank	7.3493	0.45933125
935	love	8.5069	0.53168125
936	well	8.9909	0.290029032
937	best	9.296	0.664
938	safeti	9.3939	0.3914125
939	much	11.5419	0.262315909
940	help	14.5874	0.265225455
941	good	16.3337	0.429834211
942	safe	23.253	0.455941176
